cyls	best
away:	sector	time
	skew:	(usec):

0	2	35157		2	3
1	4	57517		4	4
2	5	68360		5	5
3	5	68359		5	5
4	5	68360		5	5
5	5	68359		5	5
6	6	79101		6	6
7	6	79101		6	6
8	7	89844		7	7
9	7	89843		7	7
10	8	100586		7	8
11	8	100586		8	8
12	8	101562		8	8
13	8	100586		9	9
14	9	112304		9	9
15	9	111328		9	9
16	9	112305		10	9
17	10	123047		10	10
18	10	123047		11	10
19	11	133789		11	11
20	11	133789		11
21	11	133789		11
22	12	145508		12
23	12	144531		12
24	13	156250		13
25	13	155274		13
26	13	156260		14
27	14	166992		14
28	14	166992		15
29	14	166992		14
30	15	177734		15
31	15	177735		15
32	16	189453		15
33	16	188477		16
34	16	188477		16
35	17	200196		17
36	17	199219		16
37	0	213867		0
38	0	213867		0
39	0	212891		0
40	0	212890		0
41	0	212890		1
42	1	224609		1
43	2	235351		1
44	1	224609		1
45	3	246094		2
46	2	235351		2
47	3	246094		2
48	3	246093		3
49	4	257813		4
50	3	247070		4
51	5	267578		4
52	5	267579		5
53	5	267578		5
54	5	268555		5
55	6	278320		6
56	6	279297		6
57	7	290039		7
58	7	290039		7
59	8	300782		8
60	8	300782		8
61	8	300781		8
62	9	311524		9
63	9	311523		9
64	9	312499		9
65	10	322266		9
66	10	323243		10
67	10	323242		10
68	11	333984		11
69	11	333985		11
70	12	343750		11
71	12	344726		12
72	13	355469		13
73	13	355469		13
74	13	355468		13
75	13	355469		13
76	14	367187		14
77	14	366211		14
78	15	377929		14
79	15	376953		15
